0.627
1.094
1.292
1.643
1.934
2.239
2.595
2.877
4.333
4.834
4.993
5.318
5.628
5.949
6.272
6.561
8.002
8.511
8.664
9.014
9.296
9.610
9.950
10.536
10.885
11.205
11.472
11.822
12.467
12.795
13.460
13.752
15.277
15.645
15.793
16.118
16.402
16.708
17.033
17.524
17.869
18.200
18.466
18.795
19.408
19.736
20.368
20.675
21.632
21.942
22.214
22.606
23.200
23.477
23.785
24.102
24.414
24.980
25.311
25.577
25.850
26.126
26.781
27.125
27.398
27.744
28.064
28.593
28.891
29.189
29.487
29.847
30.448
30.730
31.030
31.301
31.643
32.433
32.742
33.011
33.336
33.630
33.917
34.236
34.522
34.793
35.156
