1.269
1.598
1.963
2.577
2.921
3.295
3.921
4.230
4.593
5.190
5.532
5.866
6.517
6.851
7.162
7.492
7.809
8.120
8.479
9.083
9.407
9.730
10.069
10.427
10.777
11.158
12.200
13.165
14.051
14.404
14.713
15.059
15.372
15.738
16.095
16.404
16.718
17.061
17.358
17.645
17.984
18.304
18.663
19.551
20.017
20.483
20.909
21.367
21.783
22.231
22.622
23.178
23.640
24.100
24.563
25.000
25.441
25.959
28.773
29.088
29.533
30.267
30.665
31.078
31.813
32.164
32.563
33.303
33.676
34.101
34.805
35.204
35.638
36.003
36.403
36.767
37.181
38.003
38.408
38.825
39.174
39.580
39.936
40.342
41.208
42.421
43.754
44.105
44.446
44.764
45.103
45.436
45.771
46.456
46.746
47.039
47.353
47.637
47.969
48.317
48.657
49.065
49.904
50.454
50.974
51.516
52.154
52.646
53.342
53.832
