3.155
3.725
3.908
4.302
4.652
4.987
5.366
5.670
7.328
7.845
8.026
8.390
8.731
9.033
9.375
9.702
11.351
11.898
12.021
12.361
12.705
13.075
13.451
14.100
14.502
14.802
15.171
15.473
16.190
16.571
17.240
17.577
19.372
19.890
20.043
20.367
20.688
21.037
21.367
22.081
22.406
22.720
23.023
23.343
24.105
24.433
25.153
25.508
26.493
26.867
27.161
27.539
28.297
28.676
29.008
29.308
29.669
30.361
30.706
31.030
31.370
31.730
32.419
32.756
33.067
33.394
33.698
34.410
34.754
35.111
35.423
35.750
36.520
36.823
37.125
37.456
37.750
38.747
39.101
39.422
39.722
40.053
40.347
40.703
41.039
41.405
41.772
