0.622
1.010
1.411
1.775
2.178
2.944
3.623
3.995
4.408
4.784
5.200
5.925
6.878
7.246
7.641
8.058
8.469
9.232
9.963
10.320
10.719
11.085
11.507
12.254
13.093
13.476
13.905
14.301
14.709
15.479
16.159
16.581
16.956
17.305
17.639
18.916
19.542
20.150
20.936
21.272
21.557
21.845
22.141
22.489
23.033
23.608
24.170
24.689
25.558
25.863
26.158
26.411
26.726
27.079
28.115
28.410
28.690
29.005
29.303
30.118
30.432
30.681
30.988
31.298
31.576
32.154
32.652
32.960
33.237
33.560
33.894
34.680
35.004
35.309
35.584
35.920
36.233
37.378
37.691
38.036
38.363
38.676
39.270
39.928
40.228
40.551
40.827
41.169
41.778
42.365
42.673
43.045
43.345
43.679
44.280
44.875
45.196
45.504
45.836
46.150
47.476
48.154
48.773
49.729
49.998
50.316
50.587
50.860
51.194
51.675
52.273
52.818
53.328
54.131
54.471
54.751
55.080
55.484
55.824
