0.810
1.138
1.545
1.937
2.361
3.200
3.537
3.918
4.319
5.526
5.896
6.299
6.688
7.559
7.921
8.302
8.637
9.065
9.711
10.153
10.517
10.934
11.317
11.767
12.519
12.900
13.258
13.647
14.831
15.604
15.994
16.681
17.065
17.438
17.759
18.128
20.964
21.729
22.091
23.214
23.973
24.393
25.198
25.633
26.407
26.832
27.611
28.067
28.734
29.193
29.858
30.681
31.506
31.850
33.154
33.923
34.338
35.083
35.509
36.209
36.608
37.247
37.650
38.300
38.689
39.704
40.057
40.401
40.756
41.107
41.821
42.183
42.543
42.929
44.025
44.395
44.786
45.143
45.891
46.311
46.645
46.967
47.386
48.015
48.417
48.773
49.120
49.447
50.226
50.591
50.897
51.230
51.600
53.240
53.990
54.298
54.934
55.334
55.632
55.946
56.282
58.146
58.779
59.213
59.825
60.234
60.922
61.341
62.081
62.559
63.243
63.643
64.296
64.685
65.550
65.908
66.458
66.909
67.590
68.001
68.624
69.026
69.992
70.331
70.960
71.328
71.996
72.314
72.796
73.242
73.723
74.077
74.995
75.296
75.645
76.006
76.345
76.949
77.243
77.570
77.908
78.840
79.145
79.458
79.821
80.467
80.767
81.084
81.365
81.740
82.271
82.790
83.092
83.443
83.765
84.116
84.639
84.997
85.248
85.556
85.900
