1.100
1.445
1.611
1.901
2.209
2.489
2.804
3.080
4.298
4.720
4.837
5.106
5.414
5.669
6.023
6.302
7.419
7.876
7.972
8.266
8.547
8.821
9.122
9.393
9.727
10.040
10.302
10.617
10.873
11.495
11.815
12.385
12.690
13.597
14.090
14.192
14.485
14.756
15.044
15.346
15.676
15.990
16.314
16.564
16.850
17.142
17.723
18.070
18.633
18.958
19.838
20.144
20.425
20.764
21.317
21.609
21.890
22.230
22.508
23.090
23.375
23.664
23.920
24.210
24.482
24.747
25.071
25.391
25.700
25.995
26.994
27.208
27.493
27.814
28.397
29.408
29.656
29.911
30.198
31.027
31.327
31.616
31.881
32.192
32.469
32.784
33.069
33.397
33.752
