0.228
0.434
0.704
0.981
1.226
1.503
1.769
2.025
2.308
2.626
3.116
4.414
4.695
4.952
5.230
5.501
5.747
6.005
6.262
6.500
6.806
8.647
8.874
9.127
9.421
9.686
9.973
10.215
10.485
10.761
11.070
11.555
12.059
12.325
12.583
12.857
13.136
13.381
13.616
13.735
14.161
14.444
14.674
14.965
16.292
16.495
16.797
17.245
17.511
17.786
18.335
18.579
18.889
19.842
20.933
21.403
21.670
21.958
22.255
22.517
23.036
24.578
24.817
25.117
25.577
25.865
26.119
26.650
26.895
27.172
28.086
29.232
29.703
29.973
30.239
30.510
30.770
31.313
