0.423
0.777
1.171
1.579
1.958
2.285
2.417
3.027
3.410
3.777
4.186
4.581
4.892
5.122
5.328
6.098
6.458
6.794
7.148
7.569
7.969
8.145
8.305
9.292
9.545
9.979
10.298
10.667
10.923
11.133
11.242
12.724
12.923
13.191
13.866
14.235
14.453
14.711
15.360
15.711
16.128
16.535
16.878
17.215
17.471
17.671
18.523
18.835
19.191
19.627
19.998
20.411
20.598
20.731
21.716
21.916
22.368
22.577
23.032
23.279
23.477
23.559
25.049
25.531
25.904
26.318
26.979
27.826
28.232
29.278
31.019
34.091
34.471
34.861
35.214
35.645
36.381
36.763
40.143
40.524
40.946
41.328
41.728
42.531
42.942
